20.05
14.99
11.98
10.98
10.00
9.39
9.00
8.45
8.01
7.60
7.24
7.01
6.49
6.01
5.85
5.53
5.23
5.00
4.66
4.43
4.18
4.01
3.71
3.49
3.28
3.01
2.90
2.73
2.58
2.44
2.32
2.21
2.10
2.00
1.90
1.82
1.74
1.67
1.60
1.53
1.50
1.41
1.36
1.30
1.25
1.21
1.15
1.11
1.07
1.04
1.00
0.95
0.92
0.89
0.85
0.82
0.79
0.76
0.73
0.70
0.68
0.64
0.62
0.60
0.58
0.55
0.52
0.50
0.48
0.46
0.44
0.42
0.40
0.38
0.36
0.35
0.33
0.31
0.30
0.27
0.26
0.24
0.23
0.21
0.20
0.18
0.17
0.15
0.14
0.13
0.11
0.10
0.08
0.07
0.06
0.05
0.03
0.02
0.01
0.00